56.1628 100 0
56.1628 -100 0
-120.442 -100 0
-120.442 100 0
120.442 100 0
120.442 -100 0
-56.1628 -100 0
-56.1628 100 0

52.7758 100 0
52.7758 -100 0
-113.178 -100 0
-113.178 100 0
113.178 100 0
113.178 -100 0
-52.7758 -100 0
-52.7758 100 0

49.593 100 0
49.593 -100 0
-106.353 -100 0
-106.353 100 0
106.353 100 0
106.353 -100 0
-49.593 -100 0
-49.593 100 0

46.6022 100 0
46.6022 -100 0
-99.9388 -100 0
-99.9388 100 0
99.9388 100 0
99.9388 -100 0
-46.6022 -100 0
-46.6022 100 0

43.7918 100 0
43.7918 -100 0
-93.9117 -100 0
-93.9117 100 0
93.9117 100 0
93.9117 -100 0
-43.7918 -100 0
-43.7918 100 0

41.1508 100 0
41.1508 -100 0
-88.2481 -100 0
-88.2481 100 0
88.2481 100 0
88.2481 -100 0
-41.1508 -100 0
-41.1508 100 0

38.6691 100 0
38.6691 -100 0
-82.9261 -100 0
-82.9261 100 0
82.9261 100 0
82.9261 -100 0
-38.6691 -100 0
-38.6691 100 0

36.3371 100 0
36.3371 -100 0
-77.9251 -100 0
-77.9251 100 0
77.9251 100 0
77.9251 -100 0
-36.3371 -100 0
-36.3371 100 0

34.1457 100 0
34.1457 -100 0
-73.2256 -100 0
-73.2256 100 0
73.2256 100 0
73.2256 -100 0
-34.1457 -100 0
-34.1457 100 0

32.0864 100 0
32.0864 -100 0
-68.8096 -100 0
-68.8096 100 0
68.8096 100 0
68.8096 -100 0
-32.0864 -100 0
-32.0864 100 0

30.1514 100 0
30.1514 -100 0
-64.6598 -100 0
-64.6598 100 0
64.6598 100 0
64.6598 -100 0
-30.1514 -100 0
-30.1514 100 0

28.333 100 0
28.333 -100 0
-60.7604 -100 0
-60.7604 100 0
60.7604 100 0
60.7604 -100 0
-28.333 -100 0
-28.333 100 0

26.6243 100 0
26.6243 -100 0
-57.0961 -100 0
-57.0961 100 0
57.0961 100 0
57.0961 -100 0
-26.6243 -100 0
-26.6243 100 0

25.0187 100 0
25.0187 -100 0
-53.6528 -100 0
-53.6528 100 0
53.6528 100 0
53.6528 -100 0
-25.0187 -100 0
-25.0187 100 0

23.5099 100 0
23.5099 -100 0
-50.4171 -100 0
-50.4171 100 0
50.4171 100 0
50.4171 -100 0
-23.5099 -100 0
-23.5099 100 0

22.0921 100 0
22.0921 -100 0
-47.3766 -100 0
-47.3766 100 0
47.3766 100 0
47.3766 -100 0
-22.0921 -100 0
-22.0921 100 0

20.7598 100 0
20.7598 -100 0
-44.5194 -100 0
-44.5194 100 0
44.5194 100 0
44.5194 -100 0
-20.7598 -100 0
-20.7598 100 0

19.5078 100 0
19.5078 -100 0
-41.8346 -100 0
-41.8346 100 0
41.8346 100 0
41.8346 -100 0
-19.5078 -100 0
-19.5078 100 0

18.3313 100 0
18.3313 -100 0
-39.3116 -100 0
-39.3116 100 0
39.3116 100 0
39.3116 -100 0
-18.3313 -100 0
-18.3313 100 0

17.2258 100 0
17.2258 -100 0
-36.9409 -100 0
-36.9409 100 0
36.9409 100 0
36.9409 -100 0
-17.2258 -100 0
-17.2258 100 0

16.187 100 0
16.187 -100 0
-34.7131 -100 0
-34.7131 100 0
34.7131 100 0
34.7131 -100 0
-16.187 -100 0
-16.187 100 0

15.2108 100 0
15.2108 -100 0
-32.6196 -100 0
-32.6196 100 0
32.6196 100 0
32.6196 -100 0
-15.2108 -100 0
-15.2108 100 0

14.2934 100 0
14.2934 -100 0
-30.6524 -100 0
-30.6524 100 0
30.6524 100 0
30.6524 -100 0
-14.2934 -100 0
-14.2934 100 0

13.4314 100 0
13.4314 -100 0
-28.8038 -100 0
-28.8038 100 0
28.8038 100 0
28.8038 -100 0
-13.4314 -100 0
-13.4314 100 0

12.6214 100 0
12.6214 -100 0
-27.0668 -100 0
-27.0668 100 0
27.0668 100 0
27.0668 -100 0
-12.6214 -100 0
-12.6214 100 0

11.8603 100 0
11.8603 -100 0
-25.4344 -100 0
-25.4344 100 0
25.4344 100 0
25.4344 -100 0
-11.8603 -100 0
-11.8603 100 0

11.145 100 0
11.145 -100 0
-23.9005 -100 0
-23.9005 100 0
23.9005 100 0
23.9005 -100 0
-11.145 -100 0
-11.145 100 0

10.4729 100 0
10.4729 -100 0
-22.4592 -100 0
-22.4592 100 0
22.4592 100 0
22.4592 -100 0
-10.4729 -100 0
-10.4729 100 0

9.84129 100 0
9.84129 -100 0
-21.1047 -100 0
-21.1047 100 0
21.1047 100 0
21.1047 -100 0
-9.84129 -100 0
-9.84129 100 0

9.24779 100 0
9.24779 -100 0
-19.8319 -100 0
-19.8319 100 0
19.8319 100 0
19.8319 -100 0
-9.24779 -100 0
-9.24779 100 0

8.69008 100 0
8.69008 -100 0
-18.6359 -100 0
-18.6359 100 0
18.6359 100 0
18.6359 -100 0
-8.69008 -100 0
-8.69008 100 0

8.166 100 0
8.166 -100 0
-17.512 -100 0
-17.512 100 0
17.512 100 0
17.512 -100 0
-8.166 -100 0
-8.166 100 0

7.67353 100 0
7.67353 -100 0
-16.4559 -100 0
-16.4559 100 0
16.4559 100 0
16.4559 -100 0
-7.67353 -100 0
-7.67353 100 0

7.21076 100 0
7.21076 -100 0
-15.4635 -100 0
-15.4635 100 0
15.4635 100 0
15.4635 -100 0
-7.21076 -100 0
-7.21076 100 0

6.7759 100 0
6.7759 -100 0
-14.531 -100 0
-14.531 100 0
14.531 100 0
14.531 -100 0
-6.7759 -100 0
-6.7759 100 0

6.36726 100 0
6.36726 -100 0
-13.6546 -100 0
-13.6546 100 0
13.6546 100 0
13.6546 -100 0
-6.36726 -100 0
-6.36726 100 0

5.98327 100 0
5.98327 -100 0
-12.8312 -100 0
-12.8312 100 0
12.8312 100 0
12.8312 -100 0
-5.98327 -100 0
-5.98327 100 0

5.62243 100 0
5.62243 -100 0
-12.0573 -100 0
-12.0573 100 0
12.0573 100 0
12.0573 -100 0
-5.62243 -100 0
-5.62243 100 0

5.28336 100 0
5.28336 -100 0
-11.3302 -100 0
-11.3302 100 0
11.3302 100 0
11.3302 -100 0
-5.28336 -100 0
-5.28336 100 0

4.96473 100 0
4.96473 -100 0
-10.6469 -100 0
-10.6469 100 0
10.6469 100 0
10.6469 -100 0
-4.96473 -100 0
-4.96473 100 0

4.66532 100 0
4.66532 -100 0
-10.0048 -100 0
-10.0048 100 0
10.0048 100 0
10.0048 -100 0
-4.66532 -100 0
-4.66532 100 0

4.38397 100 0
4.38397 -100 0
-9.40145 -100 0
-9.40145 100 0
9.40145 100 0
9.40145 -100 0
-4.38397 -100 0
-4.38397 100 0

4.11958 100 0
4.11958 -100 0
-8.83448 -100 0
-8.83448 100 0
8.83448 100 0
8.83448 -100 0
-4.11958 -100 0
-4.11958 100 0

3.87114 100 0
3.87114 -100 0
-8.30169 -100 0
-8.30169 100 0
8.30169 100 0
8.30169 -100 0
-3.87114 -100 0
-3.87114 100 0

3.63768 100 0
3.63768 -100 0
-7.80104 -100 0
-7.80104 100 0
7.80104 100 0
7.80104 -100 0
-3.63768 -100 0
-3.63768 100 0

3.41831 100 0
3.41831 -100 0
-7.33058 -100 0
-7.33058 100 0
7.33058 100 0
7.33058 -100 0
-3.41831 -100 0
-3.41831 100 0

3.21216 100 0
3.21216 -100 0
-6.88849 -100 0
-6.88849 100 0
6.88849 100 0
6.88849 -100 0
-3.21216 -100 0
-3.21216 100 0

3.01844 100 0
3.01844 -100 0
-6.47306 -100 0
-6.47306 100 0
6.47306 100 0
6.47306 -100 0
-3.01844 -100 0
-3.01844 100 0

2.83641 100 0
2.83641 -100 0
-6.08269 -100 0
-6.08269 100 0
6.08269 100 0
6.08269 -100 0
-2.83641 -100 0
-2.83641 100 0

2.66535 100 0
2.66535 -100 0
-5.71586 -100 0
-5.71586 100 0
5.71586 100 0
5.71586 -100 0
-2.66535 -100 0
-2.66535 100 0

2.50461 100 0
2.50461 -100 0
-5.37115 -100 0
-5.37115 100 0
5.37115 100 0
5.37115 -100 0
-2.50461 -100 0
-2.50461 100 0

2.35356 100 0
2.35356 -100 0
-5.04723 -100 0
-5.04723 100 0
5.04723 100 0
5.04723 -100 0
-2.35356 -100 0
-2.35356 100 0

2.21163 100 0
2.21163 -100 0
-4.74285 -100 0
-4.74285 100 0
4.74285 100 0
4.74285 -100 0
-2.21163 -100 0
-2.21163 100 0

2.07825 100 0
2.07825 -100 0
-4.45682 -100 0
-4.45682 100 0
4.45682 100 0
4.45682 -100 0
-2.07825 -100 0
-2.07825 100 0

1.95291 100 0
1.95291 -100 0
-4.18804 -100 0
-4.18804 100 0
4.18804 100 0
4.18804 -100 0
-1.95291 -100 0
-1.95291 100 0

1.83514 100 0
1.83514 -100 0
-3.93547 -100 0
-3.93547 100 0
3.93547 100 0
3.93547 -100 0
-1.83514 -100 0
-1.83514 100 0

1.72447 100 0
1.72447 -100 0
-3.69813 -100 0
-3.69813 100 0
3.69813 100 0
3.69813 -100 0
-1.72447 -100 0
-1.72447 100 0

1.62047 100 0
1.62047 -100 0
-3.47511 -100 0
-3.47511 100 0
3.47511 100 0
3.47511 -100 0
-1.62047 -100 0
-1.62047 100 0

1.52274 100 0
1.52274 -100 0
-3.26553 -100 0
-3.26553 100 0
3.26553 100 0
3.26553 -100 0
-1.52274 -100 0
-1.52274 100 0

1.43091 100 0
1.43091 -100 0
-3.0686 -100 0
-3.0686 100 0
3.0686 100 0
3.0686 -100 0
-1.43091 -100 0
-1.43091 100 0

1.34462 100 0
1.34462 -100 0
-2.88354 -100 0
-2.88354 100 0
2.88354 100 0
2.88354 -100 0
-1.34462 -100 0
-1.34462 100 0

1.26353 100 0
1.26353 -100 0
-2.70964 -100 0
-2.70964 100 0
2.70964 100 0
2.70964 -100 0
-1.26353 -100 0
-1.26353 100 0

1.18733 100 0
1.18733 -100 0
-2.54623 -100 0
-2.54623 100 0
2.54623 100 0
2.54623 -100 0
-1.18733 -100 0
-1.18733 100 0

1.11572 100 0
1.11572 -100 0
-2.39267 -100 0
-2.39267 100 0
2.39267 100 0
2.39267 -100 0
-1.11572 -100 0
-1.11572 100 0

1.04843 100 0
1.04843 -100 0
-2.24838 -100 0
-2.24838 100 0
2.24838 100 0
2.24838 -100 0
-1.04843 -100 0
-1.04843 100 0

0.985206 100 0
0.985206 -100 0
-2.11278 -100 0
-2.11278 100 0
2.11278 100 0
2.11278 -100 0
-0.985206 -100 0
-0.985206 100 0

0.925791 100 0
0.925791 -100 0
-1.98537 -100 0
-1.98537 100 0
1.98537 100 0
1.98537 -100 0
-0.925791 -100 0
-0.925791 100 0

0.869959 100 0
0.869959 -100 0
-1.86563 -100 0
-1.86563 100 0
1.86563 100 0
1.86563 -100 0
-0.869959 -100 0
-0.869959 100 0

0.817494 100 0
0.817494 -100 0
-1.75312 -100 0
-1.75312 100 0
1.75312 100 0
1.75312 -100 0
-0.817494 -100 0
-0.817494 100 0

0.768193 100 0
0.768193 -100 0
-1.6474 -100 0
-1.6474 100 0
1.6474 100 0
1.6474 -100 0
-0.768193 -100 0
-0.768193 100 0

0.721865 100 0
0.721865 -100 0
-1.54805 -100 0
-1.54805 100 0
1.54805 100 0
1.54805 -100 0
-0.721865 -100 0
-0.721865 100 0

0.678332 100 0
0.678332 -100 0
-1.45469 -100 0
-1.45469 100 0
1.45469 100 0
1.45469 -100 0
-0.678332 -100 0
-0.678332 100 0

0.637423 100 0
0.637423 -100 0
-1.36696 -100 0
-1.36696 100 0
1.36696 100 0
1.36696 -100 0
-0.637423 -100 0
-0.637423 100 0

0.598982 100 0
0.598982 -100 0
-1.28452 -100 0
-1.28452 100 0
1.28452 100 0
1.28452 -100 0
-0.598982 -100 0
-0.598982 100 0

0.562859 100 0
0.562859 -100 0
-1.20705 -100 0
-1.20705 100 0
1.20705 100 0
1.20705 -100 0
-0.562859 -100 0
-0.562859 100 0

0.528914 100 0
0.528914 -100 0
-1.13426 -100 0
-1.13426 100 0
1.13426 100 0
1.13426 -100 0
-0.528914 -100 0
-0.528914 100 0

0.497017 100 0
0.497017 -100 0
-1.06586 -100 0
-1.06586 100 0
1.06586 100 0
1.06586 -100 0
-0.497017 -100 0
-0.497017 100 0

0.467043 100 0
0.467043 -100 0
-1.00158 -100 0
-1.00158 100 0
1.00158 100 0
1.00158 -100 0
-0.467043 -100 0
-0.467043 100 0

0.438877 100 0
0.438877 -100 0
-0.941175 -100 0
-0.941175 100 0
0.941175 100 0
0.941175 -100 0
-0.438877 -100 0
-0.438877 100 0

0.412409 100 0
0.412409 -100 0
-0.884415 -100 0
-0.884415 100 0
0.884415 100 0
0.884415 -100 0
-0.412409 -100 0
-0.412409 100 0

0.387538 100 0
0.387538 -100 0
-0.831078 -100 0
-0.831078 100 0
0.831078 100 0
0.831078 -100 0
-0.387538 -100 0
-0.387538 100 0

0.364167 100 0
0.364167 -100 0
-0.780958 -100 0
-0.780958 100 0
0.780958 100 0
0.780958 -100 0
-0.364167 -100 0
-0.364167 100 0

0.342205 100 0
0.342205 -100 0
-0.73386 -100 0
-0.73386 100 0
0.73386 100 0
0.73386 -100 0
-0.342205 -100 0
-0.342205 100 0

0.321567 100 0
0.321567 -100 0
-0.689603 -100 0
-0.689603 100 0
0.689603 100 0
0.689603 -100 0
-0.321567 -100 0
-0.321567 100 0

0.302174 100 0
0.302174 -100 0
-0.648015 -100 0
-0.648015 100 0
0.648015 100 0
0.648015 -100 0
-0.302174 -100 0
-0.302174 100 0

0.283951 100 0
0.283951 -100 0
-0.608935 -100 0
-0.608935 100 0
0.608935 100 0
0.608935 -100 0
-0.283951 -100 0
-0.283951 100 0

0.266827 100 0
0.266827 -100 0
-0.572212 -100 0
-0.572212 100 0
0.572212 100 0
0.572212 -100 0
-0.266827 -100 0
-0.266827 100 0

0.250735 100 0
0.250735 -100 0
-0.537703 -100 0
-0.537703 100 0
0.537703 100 0
0.537703 -100 0
-0.250735 -100 0
-0.250735 100 0

0.235614 100 0
0.235614 -100 0
-0.505276 -100 0
-0.505276 100 0
0.505276 100 0
0.505276 -100 0
-0.235614 -100 0
-0.235614 100 0

0.221405 100 0
0.221405 -100 0
-0.474804 -100 0
-0.474804 100 0
0.474804 100 0
0.474804 -100 0
-0.221405 -100 0
-0.221405 100 0

0.208052 100 0
0.208052 -100 0
-0.44617 -100 0
-0.44617 100 0
0.44617 100 0
0.44617 -100 0
-0.208052 -100 0
-0.208052 100 0

0.195505 100 0
0.195505 -100 0
-0.419262 -100 0
-0.419262 100 0
0.419262 100 0
0.419262 -100 0
-0.195505 -100 0
-0.195505 100 0

0.183715 100 0
0.183715 -100 0
-0.393978 -100 0
-0.393978 100 0
0.393978 100 0
0.393978 -100 0
-0.183715 -100 0
-0.183715 100 0

0.172635 100 0
0.172635 -100 0
-0.370218 -100 0
-0.370218 100 0
0.370218 100 0
0.370218 -100 0
-0.172635 -100 0
-0.172635 100 0

0.162224 100 0
0.162224 -100 0
-0.347891 -100 0
-0.347891 100 0
0.347891 100 0
0.347891 -100 0
-0.162224 -100 0
-0.162224 100 0

0.152441 100 0
0.152441 -100 0
-0.326911 -100 0
-0.326911 100 0
0.326911 100 0
0.326911 -100 0
-0.152441 -100 0
-0.152441 100 0

0.143248 100 0
0.143248 -100 0
-0.307196 -100 0
-0.307196 100 0
0.307196 100 0
0.307196 -100 0
-0.143248 -100 0
-0.143248 100 0

0.134609 100 0
0.134609 -100 0
-0.288669 -100 0
-0.288669 100 0
0.288669 100 0
0.288669 -100 0
-0.134609 -100 0
-0.134609 100 0

0.126491 100 0
0.126491 -100 0
-0.27126 -100 0
-0.27126 100 0
0.27126 100 0
0.27126 -100 0
-0.126491 -100 0
-0.126491 100 0

0.118863 100 0
0.118863 -100 0
-0.254901 -100 0
-0.254901 100 0
0.254901 100 0
0.254901 -100 0
-0.118863 -100 0
-0.118863 100 0

0.111694 100 0
0.111694 -100 0
-0.239529 -100 0
-0.239529 100 0
0.239529 100 0
0.239529 -100 0
-0.111694 -100 0
-0.111694 100 0

0.104958 100 0
0.104958 -100 0
-0.225084 -100 0
-0.225084 100 0
0.225084 100 0
0.225084 -100 0
-0.104958 -100 0
-0.104958 100 0

0.0986285 100 0
0.0986285 -100 0
-0.211509 -100 0
-0.211509 100 0
0.211509 100 0
0.211509 -100 0
-0.0986285 -100 0
-0.0986285 100 0

0.0926805 100 0
0.0926805 -100 0
-0.198754 -100 0
-0.198754 100 0
0.198754 100 0
0.198754 -100 0
-0.0926805 -100 0
-0.0926805 100 0

0.0870911 100 0
0.0870911 -100 0
-0.186768 -100 0
-0.186768 100 0
0.186768 100 0
0.186768 -100 0
-0.0870911 -100 0
-0.0870911 100 0

0.0818389 100 0
0.0818389 -100 0
-0.175504 -100 0
-0.175504 100 0
0.175504 100 0
0.175504 -100 0
-0.0818389 -100 0
-0.0818389 100 0

0.0769034 100 0
0.0769034 -100 0
-0.16492 -100 0
-0.16492 100 0
0.16492 100 0
0.16492 -100 0
-0.0769034 -100 0
-0.0769034 100 0

0.0722656 100 0
0.0722656 -100 0
-0.154974 -100 0
-0.154974 100 0
0.154974 100 0
0.154974 -100 0
-0.0722656 -100 0
-0.0722656 100 0

0.0679074 100 0
0.0679074 -100 0
-0.145628 -100 0
-0.145628 100 0
0.145628 100 0
0.145628 -100 0
-0.0679074 -100 0
-0.0679074 100 0

0.0638121 100 0
0.0638121 -100 0
-0.136845 -100 0
-0.136845 100 0
0.136845 100 0
0.136845 -100 0
-0.0638121 -100 0
-0.0638121 100 0

0.0599638 100 0
0.0599638 -100 0
-0.128593 -100 0
-0.128593 100 0
0.128593 100 0
0.128593 -100 0
-0.0599638 -100 0
-0.0599638 100 0

0.0563475 100 0
0.0563475 -100 0
-0.120838 -100 0
-0.120838 100 0
0.120838 100 0
0.120838 -100 0
-0.0563475 -100 0
-0.0563475 100 0

0.0529493 100 0
0.0529493 -100 0
-0.11355 -100 0
-0.11355 100 0
0.11355 100 0
0.11355 -100 0
-0.0529493 -100 0
-0.0529493 100 0

0.0497561 100 0
0.0497561 -100 0
-0.106702 -100 0
-0.106702 100 0
0.106702 100 0
0.106702 -100 0
-0.0497561 -100 0
-0.0497561 100 0

0.0467554 100 0
0.0467554 -100 0
-0.100267 -100 0
-0.100267 100 0
0.100267 100 0
0.100267 -100 0
-0.0467554 -100 0
-0.0467554 100 0

0.0439357 100 0
0.0439357 -100 0
-0.0942205 -100 0
-0.0942205 100 0
0.0942205 100 0
0.0942205 -100 0
-0.0439357 -100 0
-0.0439357 100 0

0.0412861 100 0
0.0412861 -100 0
-0.0885383 -100 0
-0.0885383 100 0
0.0885383 100 0
0.0885383 -100 0
-0.0412861 -100 0
-0.0412861 100 0

0.0387962 100 0
0.0387962 -100 0
-0.0831988 -100 0
-0.0831988 100 0
0.0831988 100 0
0.0831988 -100 0
-0.0387962 -100 0
-0.0387962 100 0

0.0364565 100 0
0.0364565 -100 0
-0.0781813 -100 0
-0.0781813 100 0
0.0781813 100 0
0.0781813 -100 0
-0.0364565 -100 0
-0.0364565 100 0

0.0342579 100 0
0.0342579 -100 0
-0.0734664 -100 0
-0.0734664 100 0
0.0734664 100 0
0.0734664 -100 0
-0.0342579 -100 0
-0.0342579 100 0

0.0321919 100 0
0.0321919 -100 0
-0.0690358 -100 0
-0.0690358 100 0
0.0690358 100 0
0.0690358 -100 0
-0.0321919 -100 0
-0.0321919 100 0

0.0302505 100 0
0.0302505 -100 0
-0.0648725 -100 0
-0.0648725 100 0
0.0648725 100 0
0.0648725 -100 0
-0.0302505 -100 0
-0.0302505 100 0

0.0284262 100 0
0.0284262 -100 0
-0.0609602 -100 0
-0.0609602 100 0
0.0609602 100 0
0.0609602 -100 0
-0.0284262 -100 0
-0.0284262 100 0

0.0267119 100 0
0.0267119 -100 0
-0.0572838 -100 0
-0.0572838 100 0
0.0572838 100 0
0.0572838 -100 0
-0.0267119 -100 0
-0.0267119 100 0

0.025101 100 0
0.025101 -100 0
-0.0538292 -100 0
-0.0538292 100 0
0.0538292 100 0
0.0538292 -100 0
-0.025101 -100 0
-0.025101 100 0

0.0235872 100 0
0.0235872 -100 0
-0.0505829 -100 0
-0.0505829 100 0
0.0505829 100 0
0.0505829 -100 0
-0.0235872 -100 0
-0.0235872 100 0

0.0221647 100 0
0.0221647 -100 0
-0.0475324 -100 0
-0.0475324 100 0
0.0475324 100 0
0.0475324 -100 0
-0.0221647 -100 0
-0.0221647 100 0

0.020828 100 0
0.020828 -100 0
-0.0446658 -100 0
-0.0446658 100 0
0.0446658 100 0
0.0446658 -100 0
-0.020828 -100 0
-0.020828 100 0

0.0195719 100 0
0.0195719 -100 0
-0.0419721 -100 0
-0.0419721 100 0
0.0419721 100 0
0.0419721 -100 0
-0.0195719 -100 0
-0.0195719 100 0

0.0183916 100 0
0.0183916 -100 0
-0.0394409 -100 0
-0.0394409 100 0
0.0394409 100 0
0.0394409 -100 0
-0.0183916 -100 0
-0.0183916 100 0

0.0172824 100 0
0.0172824 -100 0
-0.0370623 -100 0
-0.0370623 100 0
0.0370623 100 0
0.0370623 -100 0
-0.0172824 -100 0
-0.0172824 100 0

0.0162402 100 0
0.0162402 -100 0
-0.0348272 -100 0
-0.0348272 100 0
0.0348272 100 0
0.0348272 -100 0
-0.0162402 -100 0
-0.0162402 100 0

0.0152608 100 0
0.0152608 -100 0
-0.0327269 -100 0
-0.0327269 100 0
0.0327269 100 0
0.0327269 -100 0
-0.0152608 -100 0
-0.0152608 100 0

0.0143404 100 0
0.0143404 -100 0
-0.0307532 -100 0
-0.0307532 100 0
0.0307532 100 0
0.0307532 -100 0
-0.0143404 -100 0
-0.0143404 100 0

0.0134756 100 0
0.0134756 -100 0
-0.0288985 -100 0
-0.0288985 100 0
0.0288985 100 0
0.0288985 -100 0
-0.0134756 -100 0
-0.0134756 100 0

0.0126629 100 0
0.0126629 -100 0
-0.0271557 -100 0
-0.0271557 100 0
0.0271557 100 0
0.0271557 -100 0
-0.0126629 -100 0
-0.0126629 100 0

0.0118993 100 0
0.0118993 -100 0
-0.0255181 -100 0
-0.0255181 100 0
0.0255181 100 0
0.0255181 -100 0
-0.0118993 -100 0
-0.0118993 100 0

0.0111817 100 0
0.0111817 -100 0
-0.0239791 -100 0
-0.0239791 100 0
0.0239791 100 0
0.0239791 -100 0
-0.0111817 -100 0
-0.0111817 100 0

0.0105073 100 0
0.0105073 -100 0
-0.022533 -100 0
-0.022533 100 0
0.022533 100 0
0.022533 -100 0
-0.0105073 -100 0
-0.0105073 100 0

0.00987365 100 0
0.00987365 -100 0
-0.0211741 -100 0
-0.0211741 100 0
0.0211741 100 0
0.0211741 -100 0
-0.00987365 -100 0
-0.00987365 100 0

0.00927819 100 0
0.00927819 -100 0
-0.0198971 -100 0
-0.0198971 100 0
0.0198971 100 0
0.0198971 -100 0
-0.00927819 -100 0
-0.00927819 100 0

0.00871865 100 0
0.00871865 -100 0
-0.0186972 -100 0
-0.0186972 100 0
0.0186972 100 0
0.0186972 -100 0
-0.00871865 -100 0
-0.00871865 100 0

0.00819285 100 0
0.00819285 -100 0
-0.0175696 -100 0
-0.0175696 100 0
0.0175696 100 0
0.0175696 -100 0
-0.00819285 -100 0
-0.00819285 100 0

0.00769876 100 0
0.00769876 -100 0
-0.01651 -100 0
-0.01651 100 0
0.01651 100 0
0.01651 -100 0
-0.00769876 -100 0
-0.00769876 100 0

0.00723447 100 0
0.00723447 -100 0
-0.0155144 -100 0
-0.0155144 100 0
0.0155144 100 0
0.0155144 -100 0
-0.00723447 -100 0
-0.00723447 100 0

0.00679818 100 0
0.00679818 -100 0
-0.0145787 -100 0
-0.0145787 100 0
0.0145787 100 0
0.0145787 -100 0
-0.00679818 -100 0
-0.00679818 100 0

0.0063882 100 0
0.0063882 -100 0
-0.0136995 -100 0
-0.0136995 100 0
0.0136995 100 0
0.0136995 -100 0
-0.0063882 -100 0
-0.0063882 100 0

0.00600294 100 0
0.00600294 -100 0
-0.0128733 -100 0
-0.0128733 100 0
0.0128733 100 0
0.0128733 -100 0
-0.00600294 -100 0
-0.00600294 100 0

0.00564092 100 0
0.00564092 -100 0
-0.012097 -100 0
-0.012097 100 0
0.012097 100 0
0.012097 -100 0
-0.00564092 -100 0
-0.00564092 100 0

0.00530073 100 0
0.00530073 -100 0
-0.0113675 -100 0
-0.0113675 100 0
0.0113675 100 0
0.0113675 -100 0
-0.00530073 -100 0
-0.00530073 100 0

0.00498106 100 0
0.00498106 -100 0
-0.0106819 -100 0
-0.0106819 100 0
0.0106819 100 0
0.0106819 -100 0
-0.00498106 -100 0
-0.00498106 100 0

0.00468066 100 0
0.00468066 -100 0
-0.0100377 -100 0
-0.0100377 100 0
0.0100377 100 0
0.0100377 -100 0
-0.00468066 -100 0
-0.00468066 100 0

0.00439838 100 0
0.00439838 -100 0
-0.00943237 -100 0
-0.00943237 100 0
0.00943237 100 0
0.00943237 -100 0
-0.00439838 -100 0
-0.00439838 100 0

0.00413313 100 0
0.00413313 -100 0
-0.00886352 -100 0
-0.00886352 100 0
0.00886352 100 0
0.00886352 -100 0
-0.00413313 -100 0
-0.00413313 100 0

0.00388387 100 0
0.00388387 -100 0
-0.00832899 -100 0
-0.00832899 100 0
0.00832899 100 0
0.00832899 -100 0
-0.00388387 -100 0
-0.00388387 100 0

0.00364964 100 0
0.00364964 -100 0
-0.00782669 -100 0
-0.00782669 100 0
0.00782669 100 0
0.00782669 -100 0
-0.00364964 -100 0
-0.00364964 100 0

0.00342954 100 0
0.00342954 -100 0
-0.00735468 -100 0
-0.00735468 100 0
0.00735468 100 0
0.00735468 -100 0
-0.00342954 -100 0
-0.00342954 100 0

0.00322272 100 0
0.00322272 -100 0
-0.00691114 -100 0
-0.00691114 100 0
0.00691114 100 0
0.00691114 -100 0
-0.00322272 -100 0
-0.00322272 100 0

0.00302836 100 0
0.00302836 -100 0
-0.00649435 -100 0
-0.00649435 100 0
0.00649435 100 0
0.00649435 -100 0
-0.00302836 -100 0
-0.00302836 100 0

0.00284573 100 0
0.00284573 -100 0
-0.00610269 -100 0
-0.00610269 100 0
0.00610269 100 0
0.00610269 -100 0
-0.00284573 -100 0
-0.00284573 100 0

0.00267411 100 0
0.00267411 -100 0
-0.00573465 -100 0
-0.00573465 100 0
0.00573465 100 0
0.00573465 -100 0
-0.00267411 -100 0
-0.00267411 100 0

0.00251284 100 0
0.00251284 -100 0
-0.00538881 -100 0
-0.00538881 100 0
0.00538881 100 0
0.00538881 -100 0
-0.00251284 -100 0
-0.00251284 100 0

0.0023613 100 0
0.0023613 -100 0
-0.00506383 -100 0
-0.00506383 100 0
0.00506383 100 0
0.00506383 -100 0
-0.0023613 -100 0
-0.0023613 100 0

0.0022189 100 0
0.0022189 -100 0
-0.00475844 -100 0
-0.00475844 100 0
0.00475844 100 0
0.00475844 -100 0
-0.0022189 -100 0
-0.0022189 100 0

0.00208508 100 0
0.00208508 -100 0
-0.00447147 -100 0
-0.00447147 100 0
0.00447147 100 0
0.00447147 -100 0
-0.00208508 -100 0
-0.00208508 100 0

0.00195934 100 0
0.00195934 -100 0
-0.00420181 -100 0
-0.00420181 100 0
0.00420181 100 0
0.00420181 -100 0
-0.00195934 -100 0
-0.00195934 100 0

0.00184117 100 0
0.00184117 -100 0
-0.00394841 -100 0
-0.00394841 100 0
0.00394841 100 0
0.00394841 -100 0
-0.00184117 -100 0
-0.00184117 100 0

0.00173014 100 0
0.00173014 -100 0
-0.00371029 -100 0
-0.00371029 100 0
0.00371029 100 0
0.00371029 -100 0
-0.00173014 -100 0
-0.00173014 100 0

0.0016258 100 0
0.0016258 -100 0
-0.00348653 -100 0
-0.00348653 100 0
0.00348653 100 0
0.00348653 -100 0
-0.0016258 -100 0
-0.0016258 100 0

0.00152775 100 0
0.00152775 -100 0
-0.00327627 -100 0
-0.00327627 100 0
0.00327627 100 0
0.00327627 -100 0
-0.00152775 -100 0
-0.00152775 100 0

0.00143561 100 0
0.00143561 -100 0
-0.00307869 -100 0
-0.00307869 100 0
0.00307869 100 0
0.00307869 -100 0
-0.00143561 -100 0
-0.00143561 100 0

0.00134904 100 0
0.00134904 -100 0
-0.00289302 -100 0
-0.00289302 100 0
0.00289302 100 0
0.00289302 -100 0
-0.00134904 -100 0
-0.00134904 100 0

0.00126768 100 0
0.00126768 -100 0
-0.00271855 -100 0
-0.00271855 100 0
0.00271855 100 0
0.00271855 -100 0
-0.00126768 -100 0
-0.00126768 100 0

0.00119123 100 0
0.00119123 -100 0
-0.0025546 -100 0
-0.0025546 100 0
0.0025546 100 0
0.0025546 -100 0
-0.00119123 -100 0
-0.00119123 100 0

0.00111939 100 0
0.00111939 -100 0
-0.00240054 -100 0
-0.00240054 100 0
0.00240054 100 0
0.00240054 -100 0
-0.00111939 -100 0
-0.00111939 100 0

0.00105188 100 0
0.00105188 -100 0
-0.00225577 -100 0
-0.00225577 100 0
0.00225577 100 0
0.00225577 -100 0
-0.00105188 -100 0
-0.00105188 100 0

0.000988446 100 0
0.000988446 -100 0
-0.00211973 -100 0
-0.00211973 100 0
0.00211973 100 0
0.00211973 -100 0
-0.000988446 -100 0
-0.000988446 100 0

0.000928835 100 0
0.000928835 -100 0
-0.00199189 -100 0
-0.00199189 100 0
0.00199189 100 0
0.00199189 -100 0
-0.000928835 -100 0
-0.000928835 100 0

0.000872819 100 0
0.000872819 -100 0
-0.00187177 -100 0
-0.00187177 100 0
0.00187177 100 0
0.00187177 -100 0
-0.000872819 -100 0
-0.000872819 100 0

0.000820182 100 0
0.000820182 -100 0
-0.00175889 -100 0
-0.00175889 100 0
0.00175889 100 0
0.00175889 -100 0
-0.000820182 -100 0
-0.000820182 100 0

0.000770719 100 0
0.000770719 -100 0
-0.00165281 -100 0
-0.00165281 100 0
0.00165281 100 0
0.00165281 -100 0
-0.000770719 -100 0
-0.000770719 100 0

0.000724239 100 0
0.000724239 -100 0
-0.00155314 -100 0
-0.00155314 100 0
0.00155314 100 0
0.00155314 -100 0
-0.000724239 -100 0
-0.000724239 100 0

0.000680562 100 0
0.000680562 -100 0
-0.00145947 -100 0
-0.00145947 100 0
0.00145947 100 0
0.00145947 -100 0
-0.000680562 -100 0
-0.000680562 100 0

0.000639519 100 0
0.000639519 -100 0
-0.00137145 -100 0
-0.00137145 100 0
0.00137145 100 0
0.00137145 -100 0
-0.000639519 -100 0
-0.000639519 100 0

0.000600951 100 0
0.000600951 -100 0
-0.00128874 -100 0
-0.00128874 100 0
0.00128874 100 0
0.00128874 -100 0
-0.000600951 -100 0
-0.000600951 100 0

0.00056471 100 0
0.00056471 -100 0
-0.00121102 -100 0
-0.00121102 100 0
0.00121102 100 0
0.00121102 -100 0
-0.00056471 -100 0
-0.00056471 100 0

0.000530653 100 0
0.000530653 -100 0
-0.00113799 -100 0
-0.00113799 100 0
0.00113799 100 0
0.00113799 -100 0
-0.000530653 -100 0
-0.000530653 100 0

0.000498651 100 0
0.000498651 -100 0
-0.00106936 -100 0
-0.00106936 100 0
0.00106936 100 0
0.00106936 -100 0
-0.000498651 -100 0
-0.000498651 100 0

0.000468579 100 0
0.000468579 -100 0
-0.00100487 -100 0
-0.00100487 100 0
0.00100487 100 0
0.00100487 -100 0
-0.000468579 -100 0
-0.000468579 100 0

0.00044032 100 0
0.00044032 -100 0
-0.000944269 -100 0
-0.000944269 100 0
0.000944269 100 0
0.000944269 -100 0
-0.00044032 -100 0
-0.00044032 100 0

0.000413765 100 0
0.000413765 -100 0
-0.000887323 -100 0
-0.000887323 100 0
0.000887323 100 0
0.000887323 -100 0
-0.000413765 -100 0
-0.000413765 100 0

0.000388812 100 0
0.000388812 -100 0
-0.000833811 -100 0
-0.000833811 100 0
0.000833811 100 0
0.000833811 -100 0
-0.000388812 -100 0
-0.000388812 100 0

0.000365364 100 0
0.000365364 -100 0
-0.000783526 -100 0
-0.000783526 100 0
0.000783526 100 0
0.000783526 -100 0
-0.000365364 -100 0
-0.000365364 100 0

0.00034333 100 0
0.00034333 -100 0
-0.000736273 -100 0
-0.000736273 100 0
0.000736273 100 0
0.000736273 -100 0
-0.00034333 -100 0
-0.00034333 100 0

0.000322625 100 0
0.000322625 -100 0
-0.000691871 -100 0
-0.000691871 100 0
0.000691871 100 0
0.000691871 -100 0
-0.000322625 -100 0
-0.000322625 100 0

0.000303168 100 0
0.000303168 -100 0
-0.000650146 -100 0
-0.000650146 100 0
0.000650146 100 0
0.000650146 -100 0
-0.000303168 -100 0
-0.000303168 100 0

0.000284885 100 0
0.000284885 -100 0
-0.000610937 -100 0
-0.000610937 100 0
0.000610937 100 0
0.000610937 -100 0
-0.000284885 -100 0
-0.000284885 100 0

0.000267704 100 0
0.000267704 -100 0
-0.000574093 -100 0
-0.000574093 100 0
0.000574093 100 0
0.000574093 -100 0
-0.000267704 -100 0
-0.000267704 100 0

0.00025156 100 0
0.00025156 -100 0
-0.000539471 -100 0
-0.000539471 100 0
0.000539471 100 0
0.000539471 -100 0
-0.00025156 -100 0
-0.00025156 100 0

0.000236389 100 0
0.000236389 -100 0
-0.000506937 -100 0
-0.000506937 100 0
0.000506937 100 0
0.000506937 -100 0
-0.000236389 -100 0
-0.000236389 100 0

0.000222133 100 0
0.000222133 -100 0
-0.000476365 -100 0
-0.000476365 100 0
0.000476365 100 0
0.000476365 -100 0
-0.000222133 -100 0
-0.000222133 100 0

0.000208736 100 0
0.000208736 -100 0
-0.000447637 -100 0
-0.000447637 100 0
0.000447637 100 0
0.000447637 -100 0
-0.000208736 -100 0
-0.000208736 100 0

0.000196148 100 0
0.000196148 -100 0
-0.000420641 -100 0
-0.000420641 100 0
0.000420641 100 0
0.000420641 -100 0
-0.000196148 -100 0
-0.000196148 100 0

0.000184319 100 0
0.000184319 -100 0
-0.000395273 -100 0
-0.000395273 100 0
0.000395273 100 0
0.000395273 -100 0
-0.000184319 -100 0
-0.000184319 100 0

0.000173203 100 0
0.000173203 -100 0
-0.000371435 -100 0
-0.000371435 100 0
0.000371435 100 0
0.000371435 -100 0
-0.000173203 -100 0
-0.000173203 100 0

0.000162758 100 0
0.000162758 -100 0
-0.000349035 -100 0
-0.000349035 100 0
0.000349035 100 0
0.000349035 -100 0
-0.000162758 -100 0
-0.000162758 100 0

0.000152942 100 0
0.000152942 -100 0
-0.000327986 -100 0
-0.000327986 100 0
0.000327986 100 0
0.000327986 -100 0
-0.000152942 -100 0
-0.000152942 100 0

0.000143719 100 0
0.000143719 -100 0
-0.000308206 -100 0
-0.000308206 100 0
0.000308206 100 0
0.000308206 -100 0
-0.000143719 -100 0
-0.000143719 100 0

0.000135051 100 0
0.000135051 -100 0
-0.000289619 -100 0
-0.000289619 100 0
0.000289619 100 0
0.000289619 -100 0
-0.000135051 -100 0
-0.000135051 100 0

0.000126907 100 0
0.000126907 -100 0
-0.000272152 -100 0
-0.000272152 100 0
0.000272152 100 0
0.000272152 -100 0
-0.000126907 -100 0
-0.000126907 100 0

0.000119253 100 0
0.000119253 -100 0
-0.00025574 -100 0
-0.00025574 100 0
0.00025574 100 0
0.00025574 -100 0
-0.000119253 -100 0
-0.000119253 100 0

0.000112061 100 0
0.000112061 -100 0
-0.000240317 -100 0
-0.000240317 100 0
0.000240317 100 0
0.000240317 -100 0
-0.000112061 -100 0
-0.000112061 100 0

0.000105303 100 0
0.000105303 -100 0
-0.000225824 -100 0
-0.000225824 100 0
0.000225824 100 0
0.000225824 -100 0
-0.000105303 -100 0
-0.000105303 100 0

9.89528e-05 100 0
9.89528e-05 -100 0
-0.000212205 -100 0
-0.000212205 100 0
0.000212205 100 0
0.000212205 -100 0
-9.89528e-05 -100 0
-9.89528e-05 100 0

9.29852e-05 100 0
9.29852e-05 -100 0
-0.000199407 -100 0
-0.000199407 100 0
0.000199407 100 0
0.000199407 -100 0
-9.29852e-05 -100 0
-9.29852e-05 100 0

8.73775e-05 100 0
8.73775e-05 -100 0
-0.000187382 -100 0
-0.000187382 100 0
0.000187382 100 0
0.000187382 -100 0
-8.73775e-05 -100 0
-8.73775e-05 100 0

8.2108e-05 100 0
8.2108e-05 -100 0
-0.000176081 -100 0
-0.000176081 100 0
0.000176081 100 0
0.000176081 -100 0
-8.2108e-05 -100 0
-8.2108e-05 100 0

7.71563e-05 100 0
7.71563e-05 -100 0
-0.000165462 -100 0
-0.000165462 100 0
0.000165462 100 0
0.000165462 -100 0
-7.71563e-05 -100 0
-7.71563e-05 100 0

7.25032e-05 100 0
7.25032e-05 -100 0
-0.000155484 -100 0
-0.000155484 100 0
0.000155484 100 0
0.000155484 -100 0
-7.25032e-05 -100 0
-7.25032e-05 100 0

6.81307e-05 100 0
6.81307e-05 -100 0
-0.000146107 -100 0
-0.000146107 100 0
0.000146107 100 0
0.000146107 -100 0
-6.81307e-05 -100 0
-6.81307e-05 100 0

6.40219e-05 100 0
6.40219e-05 -100 0
-0.000137295 -100 0
-0.000137295 100 0
0.000137295 100 0
0.000137295 -100 0
-6.40219e-05 -100 0
-6.40219e-05 100 0

6.01609e-05 100 0
6.01609e-05 -100 0
-0.000129016 -100 0
-0.000129016 100 0
0.000129016 100 0
0.000129016 -100 0
-6.01609e-05 -100 0
-6.01609e-05 100 0

5.65328e-05 100 0
5.65328e-05 -100 0
-0.000121235 -100 0
-0.000121235 100 0
0.000121235 100 0
0.000121235 -100 0
-5.65328e-05 -100 0
-5.65328e-05 100 0

5.31234e-05 100 0
5.31234e-05 -100 0
-0.000113924 -100 0
-0.000113924 100 0
0.000113924 100 0
0.000113924 -100 0
-5.31234e-05 -100 0
-5.31234e-05 100 0

4.99197e-05 100 0
4.99197e-05 -100 0
-0.000107053 -100 0
-0.000107053 100 0
0.000107053 100 0
0.000107053 -100 0
-4.99197e-05 -100 0
-4.99197e-05 100 0

4.69092e-05 100 0
4.69092e-05 -100 0
-0.000100597 -100 0
-0.000100597 100 0
0.000100597 100 0
0.000100597 -100 0
-4.69092e-05 -100 0
-4.69092e-05 100 0

4.40802e-05 100 0
4.40802e-05 -100 0
-9.45303e-05 -100 0
-9.45303e-05 100 0
9.45303e-05 100 0
9.45303e-05 -100 0
-4.40802e-05 -100 0
-4.40802e-05 100 0

4.14218e-05 100 0
4.14218e-05 -100 0
-8.88294e-05 -100 0
-8.88294e-05 100 0
8.88294e-05 100 0
8.88294e-05 -100 0
-4.14218e-05 -100 0
-4.14218e-05 100 0

3.89238e-05 100 0
3.89238e-05 -100 0
-8.34724e-05 -100 0
-8.34724e-05 100 0
8.34724e-05 100 0
8.34724e-05 -100 0
-3.89238e-05 -100 0
-3.89238e-05 100 0

3.65764e-05 100 0
3.65764e-05 -100 0
-7.84384e-05 -100 0
-7.84384e-05 100 0
7.84384e-05 100 0
7.84384e-05 -100 0
-3.65764e-05 -100 0
-3.65764e-05 100 0

3.43706e-05 100 0
3.43706e-05 -100 0
-7.37079e-05 -100 0
-7.37079e-05 100 0
7.37079e-05 100 0
7.37079e-05 -100 0
-3.43706e-05 -100 0
-3.43706e-05 100 0

3.22978e-05 100 0
3.22978e-05 -100 0
-6.92628e-05 -100 0
-6.92628e-05 100 0
6.92628e-05 100 0
6.92628e-05 -100 0
-3.22978e-05 -100 0
-3.22978e-05 100 0

3.035e-05 100 0
3.035e-05 -100 0
-6.50858e-05 -100 0
-6.50858e-05 100 0
6.50858e-05 100 0
6.50858e-05 -100 0
-3.035e-05 -100 0
-3.035e-05 100 0

2.85197e-05 100 0
2.85197e-05 -100 0
-6.11606e-05 -100 0
-6.11606e-05 100 0
6.11606e-05 100 0
6.11606e-05 -100 0
-2.85197e-05 -100 0
-2.85197e-05 100 0

2.67997e-05 100 0
2.67997e-05 -100 0
-5.74722e-05 -100 0
-5.74722e-05 100 0
5.74722e-05 100 0
5.74722e-05 -100 0
-2.67997e-05 -100 0
-2.67997e-05 100 0

2.51835e-05 100 0
2.51835e-05 -100 0
-5.40062e-05 -100 0
-5.40062e-05 100 0
5.40062e-05 100 0
5.40062e-05 -100 0
-2.51835e-05 -100 0
-2.51835e-05 100 0

2.36647e-05 100 0
2.36647e-05 -100 0
-5.07492e-05 -100 0
-5.07492e-05 100 0
5.07492e-05 100 0
5.07492e-05 -100 0
-2.36647e-05 -100 0
-2.36647e-05 100 0

2.22376e-05 100 0
2.22376e-05 -100 0
-4.76886e-05 -100 0
-4.76886e-05 100 0
4.76886e-05 100 0
4.76886e-05 -100 0
-2.22376e-05 -100 0
-2.22376e-05 100 0

2.08965e-05 100 0
2.08965e-05 -100 0
-4.48127e-05 -100 0
-4.48127e-05 100 0
4.48127e-05 100 0
4.48127e-05 -100 0
-2.08965e-05 -100 0
-2.08965e-05 100 0

1.96363e-05 100 0
1.96363e-05 -100 0
-4.21101e-05 -100 0
-4.21101e-05 100 0
4.21101e-05 100 0
4.21101e-05 -100 0
-1.96363e-05 -100 0
-1.96363e-05 100 0

1.84521e-05 100 0
1.84521e-05 -100 0
-3.95706e-05 -100 0
-3.95706e-05 100 0
3.95706e-05 100 0
3.95706e-05 -100 0
-1.84521e-05 -100 0
-1.84521e-05 100 0

1.73393e-05 100 0
1.73393e-05 -100 0
-3.71842e-05 -100 0
-3.71842e-05 100 0
3.71842e-05 100 0
3.71842e-05 -100 0
-1.73393e-05 -100 0
-1.73393e-05 100 0

1.62936e-05 100 0
1.62936e-05 -100 0
-3.49417e-05 -100 0
-3.49417e-05 100 0
3.49417e-05 100 0
3.49417e-05 -100 0
-1.62936e-05 -100 0
-1.62936e-05 100 0

1.5311e-05 100 0
1.5311e-05 -100 0
-3.28345e-05 -100 0
-3.28345e-05 100 0
3.28345e-05 100 0
3.28345e-05 -100 0
-1.5311e-05 -100 0
-1.5311e-05 100 0

1.43876e-05 100 0
1.43876e-05 -100 0
-3.08543e-05 -100 0
-3.08543e-05 100 0
3.08543e-05 100 0
3.08543e-05 -100 0
-1.43876e-05 -100 0
-1.43876e-05 100 0

1.35199e-05 100 0
1.35199e-05 -100 0
-2.89936e-05 -100 0
-2.89936e-05 100 0
2.89936e-05 100 0
2.89936e-05 -100 0
-1.35199e-05 -100 0
-1.35199e-05 100 0

1.27046e-05 100 0
1.27046e-05 -100 0
-2.7245e-05 -100 0
-2.7245e-05 100 0
2.7245e-05 100 0
2.7245e-05 -100 0
-1.27046e-05 -100 0
-1.27046e-05 100 0

1.19384e-05 100 0
1.19384e-05 -100 0
-2.5602e-05 -100 0
-2.5602e-05 100 0
2.5602e-05 100 0
2.5602e-05 -100 0
-1.19384e-05 -100 0
-1.19384e-05 100 0

1.12184e-05 100 0
1.12184e-05 -100 0
-2.4058e-05 -100 0
-2.4058e-05 100 0
2.4058e-05 100 0
2.4058e-05 -100 0
-1.12184e-05 -100 0
-1.12184e-05 100 0

1.05419e-05 100 0
1.05419e-05 -100 0
-2.26071e-05 -100 0
-2.26071e-05 100 0
2.26071e-05 100 0
2.26071e-05 -100 0
-1.05419e-05 -100 0
-1.05419e-05 100 0

9.90611e-06 100 0
9.90611e-06 -100 0
-2.12437e-05 -100 0
-2.12437e-05 100 0
2.12437e-05 100 0
2.12437e-05 -100 0
-9.90611e-06 -100 0
-9.90611e-06 100 0

9.3087e-06 100 0
9.3087e-06 -100 0
-1.99626e-05 -100 0
-1.99626e-05 100 0
1.99626e-05 100 0
1.99626e-05 -100 0
-9.3087e-06 -100 0
-9.3087e-06 100 0

8.74732e-06 100 0
8.74732e-06 -100 0
-1.87587e-05 -100 0
-1.87587e-05 100 0
1.87587e-05 100 0
1.87587e-05 -100 0
-8.74732e-06 -100 0
-8.74732e-06 100 0

8.21979e-06 100 0
8.21979e-06 -100 0
-1.76274e-05 -100 0
-1.76274e-05 100 0
1.76274e-05 100 0
1.76274e-05 -100 0
-8.21979e-06 -100 0
-8.21979e-06 100 0

7.72407e-06 100 0
7.72407e-06 -100 0
-1.65643e-05 -100 0
-1.65643e-05 100 0
1.65643e-05 100 0
1.65643e-05 -100 0
-7.72407e-06 -100 0
-7.72407e-06 100 0

7.25826e-06 100 0
7.25826e-06 -100 0
-1.55654e-05 -100 0
-1.55654e-05 100 0
1.55654e-05 100 0
1.55654e-05 -100 0
-7.25826e-06 -100 0
-7.25826e-06 100 0

6.82053e-06 100 0
6.82053e-06 -100 0
-1.46267e-05 -100 0
-1.46267e-05 100 0
1.46267e-05 100 0
1.46267e-05 -100 0
-6.82053e-06 -100 0
-6.82053e-06 100 0

6.4092e-06 100 0
6.4092e-06 -100 0
-1.37446e-05 -100 0
-1.37446e-05 100 0
1.37446e-05 100 0
1.37446e-05 -100 0
-6.4092e-06 -100 0
-6.4092e-06 100 0

6.02268e-06 100 0
6.02268e-06 -100 0
-1.29157e-05 -100 0
-1.29157e-05 100 0
1.29157e-05 100 0
1.29157e-05 -100 0
-6.02268e-06 -100 0
-6.02268e-06 100 0

5.65947e-06 100 0
5.65947e-06 -100 0
-1.21368e-05 -100 0
-1.21368e-05 100 0
1.21368e-05 100 0
1.21368e-05 -100 0
-5.65947e-06 -100 0
-5.65947e-06 100 0

5.31816e-06 100 0
5.31816e-06 -100 0
-1.14048e-05 -100 0
-1.14048e-05 100 0
1.14048e-05 100 0
1.14048e-05 -100 0
-5.31816e-06 -100 0
-5.31816e-06 100 0

4.99744e-06 100 0
4.99744e-06 -100 0
-1.0717e-05 -100 0
-1.0717e-05 100 0
1.0717e-05 100 0
1.0717e-05 -100 0
-4.99744e-06 -100 0
-4.99744e-06 100 0

4.69605e-06 100 0
4.69605e-06 -100 0
-1.00707e-05 -100 0
-1.00707e-05 100 0
1.00707e-05 100 0
1.00707e-05 -100 0
-4.69605e-06 -100 0
-4.69605e-06 100 0

4.41285e-06 100 0
4.41285e-06 -100 0
-9.46338e-06 -100 0
-9.46338e-06 100 0
9.46338e-06 100 0
9.46338e-06 -100 0
-4.41285e-06 -100 0
-4.41285e-06 100 0

4.14672e-06 100 0
4.14672e-06 -100 0
-8.89267e-06 -100 0
-8.89267e-06 100 0
8.89267e-06 100 0
8.89267e-06 -100 0
-4.14672e-06 -100 0
-4.14672e-06 100 0

3.89664e-06 100 0
3.89664e-06 -100 0
-8.35637e-06 -100 0
-8.35637e-06 100 0
8.35637e-06 100 0
8.35637e-06 -100 0
-3.89664e-06 -100 0
-3.89664e-06 100 0

3.66165e-06 100 0
3.66165e-06 -100 0
-7.85242e-06 -100 0
-7.85242e-06 100 0
7.85242e-06 100 0
7.85242e-06 -100 0
-3.66165e-06 -100 0
-3.66165e-06 100 0

3.44082e-06 100 0
3.44082e-06 -100 0
-7.37886e-06 -100 0
-7.37886e-06 100 0
7.37886e-06 100 0
7.37886e-06 -100 0
-3.44082e-06 -100 0
-3.44082e-06 100 0

3.23331e-06 100 0
3.23331e-06 -100 0
-6.93386e-06 -100 0
-6.93386e-06 100 0
6.93386e-06 100 0
6.93386e-06 -100 0
-3.23331e-06 -100 0
-3.23331e-06 100 0

3.03832e-06 100 0
3.03832e-06 -100 0
-6.5157e-06 -100 0
-6.5157e-06 100 0
6.5157e-06 100 0
6.5157e-06 -100 0
-3.03832e-06 -100 0
-3.03832e-06 100 0

2.85509e-06 100 0
2.85509e-06 -100 0
-6.12276e-06 -100 0
-6.12276e-06 100 0
6.12276e-06 100 0
6.12276e-06 -100 0
-2.85509e-06 -100 0
-2.85509e-06 100 0

2.68291e-06 100 0
2.68291e-06 -100 0
-5.75351e-06 -100 0
-5.75351e-06 100 0
5.75351e-06 100 0
5.75351e-06 -100 0
-2.68291e-06 -100 0
-2.68291e-06 100 0

2.52111e-06 100 0
2.52111e-06 -100 0
-5.40653e-06 -100 0
-5.40653e-06 100 0
5.40653e-06 100 0
5.40653e-06 -100 0
-2.52111e-06 -100 0
-2.52111e-06 100 0

2.36906e-06 100 0
2.36906e-06 -100 0
-5.08048e-06 -100 0
-5.08048e-06 100 0
5.08048e-06 100 0
5.08048e-06 -100 0
-2.36906e-06 -100 0
-2.36906e-06 100 0

2.22619e-06 100 0
2.22619e-06 -100 0
-4.77409e-06 -100 0
-4.77409e-06 100 0
4.77409e-06 100 0
4.77409e-06 -100 0
-2.22619e-06 -100 0
-2.22619e-06 100 0

2.09194e-06 100 0
2.09194e-06 -100 0
-4.48617e-06 -100 0
-4.48617e-06 100 0
4.48617e-06 100 0
4.48617e-06 -100 0
-2.09194e-06 -100 0
-2.09194e-06 100 0

1.96578e-06 100 0
1.96578e-06 -100 0
-4.21562e-06 -100 0
-4.21562e-06 100 0
4.21562e-06 100 0
4.21562e-06 -100 0
-1.96578e-06 -100 0
-1.96578e-06 100 0

1.84723e-06 100 0
1.84723e-06 -100 0
-3.96139e-06 -100 0
-3.96139e-06 100 0
3.96139e-06 100 0
3.96139e-06 -100 0
-1.84723e-06 -100 0
-1.84723e-06 100 0

1.73583e-06 100 0
1.73583e-06 -100 0
-3.72249e-06 -100 0
-3.72249e-06 100 0
3.72249e-06 100 0
3.72249e-06 -100 0
-1.73583e-06 -100 0
-1.73583e-06 100 0

1.63114e-06 100 0
1.63114e-06 -100 0
-3.498e-06 -100 0
-3.498e-06 100 0
3.498e-06 100 0
3.498e-06 -100 0
-1.63114e-06 -100 0
-1.63114e-06 100 0

1.53277e-06 100 0
1.53277e-06 -100 0
-3.28704e-06 -100 0
-3.28704e-06 100 0
3.28704e-06 100 0
3.28704e-06 -100 0
-1.53277e-06 -100 0
-1.53277e-06 100 0

1.44033e-06 100 0
1.44033e-06 -100 0
-3.08881e-06 -100 0
-3.08881e-06 100 0
3.08881e-06 100 0
3.08881e-06 -100 0
-1.44033e-06 -100 0
-1.44033e-06 100 0

1.35347e-06 100 0
1.35347e-06 -100 0
-2.90253e-06 -100 0
-2.90253e-06 100 0
2.90253e-06 100 0
2.90253e-06 -100 0
-1.35347e-06 -100 0
-1.35347e-06 100 0

1.27185e-06 100 0
1.27185e-06 -100 0
-2.72749e-06 -100 0
-2.72749e-06 100 0
2.72749e-06 100 0
2.72749e-06 -100 0
-1.27185e-06 -100 0
-1.27185e-06 100 0

1.19515e-06 100 0
1.19515e-06 -100 0
-2.563e-06 -100 0
-2.563e-06 100 0
2.563e-06 100 0
2.563e-06 -100 0
-1.19515e-06 -100 0
-1.19515e-06 100 0

1.12307e-06 100 0
1.12307e-06 -100 0
-2.40843e-06 -100 0
-2.40843e-06 100 0
2.40843e-06 100 0
2.40843e-06 -100 0
-1.12307e-06 -100 0
-1.12307e-06 100 0

1.05534e-06 100 0
1.05534e-06 -100 0
-2.26318e-06 -100 0
-2.26318e-06 100 0
2.26318e-06 100 0
2.26318e-06 -100 0
-1.05534e-06 -100 0
-1.05534e-06 100 0

9.91696e-07 100 0
9.91696e-07 -100 0
-2.1267e-06 -100 0
-2.1267e-06 100 0
2.1267e-06 100 0
2.1267e-06 -100 0
-9.91696e-07 -100 0
-9.91696e-07 100 0

9.31889e-07 100 0
9.31889e-07 -100 0
-1.99844e-06 -100 0
-1.99844e-06 100 0
1.99844e-06 100 0
1.99844e-06 -100 0
-9.31889e-07 -100 0
-9.31889e-07 100 0

8.75689e-07 100 0
8.75689e-07 -100 0
-1.87792e-06 -100 0
-1.87792e-06 100 0
1.87792e-06 100 0
1.87792e-06 -100 0
-8.75689e-07 -100 0
-8.75689e-07 100 0

8.22879e-07 100 0
8.22879e-07 -100 0
-1.76467e-06 -100 0
-1.76467e-06 100 0
1.76467e-06 100 0
1.76467e-06 -100 0
-8.22879e-07 -100 0
-8.22879e-07 100 0

7.73253e-07 100 0
7.73253e-07 -100 0
-1.65825e-06 -100 0
-1.65825e-06 100 0
1.65825e-06 100 0
1.65825e-06 -100 0
-7.73253e-07 -100 0
-7.73253e-07 100 0

7.2662e-07 100 0
7.2662e-07 -100 0
-1.55824e-06 -100 0
-1.55824e-06 100 0
1.55824e-06 100 0
1.55824e-06 -100 0
-7.2662e-07 -100 0
-7.2662e-07 100 0

6.828e-07 100 0
6.828e-07 -100 0
-1.46427e-06 -100 0
-1.46427e-06 100 0
1.46427e-06 100 0
1.46427e-06 -100 0
-6.828e-07 -100 0
-6.828e-07 100 0

6.41622e-07 100 0
6.41622e-07 -100 0
-1.37596e-06 -100 0
-1.37596e-06 100 0
1.37596e-06 100 0
1.37596e-06 -100 0
-6.41622e-07 -100 0
-6.41622e-07 100 0

6.02927e-07 100 0
6.02927e-07 -100 0
-1.29298e-06 -100 0
-1.29298e-06 100 0
1.29298e-06 100 0
1.29298e-06 -100 0
-6.02927e-07 -100 0
-6.02927e-07 100 0

5.66566e-07 100 0
5.66566e-07 -100 0
-1.21501e-06 -100 0
-1.21501e-06 100 0
1.21501e-06 100 0
1.21501e-06 -100 0
-5.66566e-07 -100 0
-5.66566e-07 100 0

5.32398e-07 100 0
5.32398e-07 -100 0
-1.14173e-06 -100 0
-1.14173e-06 100 0
1.14173e-06 100 0
1.14173e-06 -100 0
-5.32398e-07 -100 0
-5.32398e-07 100 0

5.00291e-07 100 0
5.00291e-07 -100 0
-1.07288e-06 -100 0
-1.07288e-06 100 0
1.07288e-06 100 0
1.07288e-06 -100 0
-5.00291e-07 -100 0
-5.00291e-07 100 0

4.70119e-07 100 0
4.70119e-07 -100 0
-1.00817e-06 -100 0
-1.00817e-06 100 0
1.00817e-06 100 0
1.00817e-06 -100 0
-4.70119e-07 -100 0
-4.70119e-07 100 0

4.41768e-07 100 0
4.41768e-07 -100 0
-9.47374e-07 -100 0
-9.47374e-07 100 0
9.47374e-07 100 0
9.47374e-07 -100 0
-4.41768e-07 -100 0
-4.41768e-07 100 0

4.15126e-07 100 0
4.15126e-07 -100 0
-8.9024e-07 -100 0
-8.9024e-07 100 0
8.9024e-07 100 0
8.9024e-07 -100 0
-4.15126e-07 -100 0
-4.15126e-07 100 0

3.90091e-07 100 0
3.90091e-07 -100 0
-8.36552e-07 -100 0
-8.36552e-07 100 0
8.36552e-07 100 0
8.36552e-07 -100 0
-3.90091e-07 -100 0
-3.90091e-07 100 0

3.66565e-07 100 0
3.66565e-07 -100 0
-7.86102e-07 -100 0
-7.86102e-07 100 0
7.86102e-07 100 0
7.86102e-07 -100 0
-3.66565e-07 -100 0
-3.66565e-07 100 0

3.44459e-07 100 0
3.44459e-07 -100 0
-7.38694e-07 -100 0
-7.38694e-07 100 0
7.38694e-07 100 0
7.38694e-07 -100 0
-3.44459e-07 -100 0
-3.44459e-07 100 0

3.23685e-07 100 0
3.23685e-07 -100 0
-6.94146e-07 -100 0
-6.94146e-07 100 0
6.94146e-07 100 0
6.94146e-07 -100 0
-3.23685e-07 -100 0
-3.23685e-07 100 0

3.04165e-07 100 0
3.04165e-07 -100 0
-6.52283e-07 -100 0
-6.52283e-07 100 0
6.52283e-07 100 0
6.52283e-07 -100 0
-3.04165e-07 -100 0
-3.04165e-07 100 0

2.85821e-07 100 0
2.85821e-07 -100 0
-6.12946e-07 -100 0
-6.12946e-07 100 0
6.12946e-07 100 0
6.12946e-07 -100 0
-2.85821e-07 -100 0
-2.85821e-07 100 0

2.68584e-07 100 0
2.68584e-07 -100 0
-5.75981e-07 -100 0
-5.75981e-07 100 0
5.75981e-07 100 0
5.75981e-07 -100 0
-2.68584e-07 -100 0
-2.68584e-07 100 0

2.52387e-07 100 0
2.52387e-07 -100 0
-5.41245e-07 -100 0
-5.41245e-07 100 0
5.41245e-07 100 0
5.41245e-07 -100 0
-2.52387e-07 -100 0
-2.52387e-07 100 0

2.37166e-07 100 0
2.37166e-07 -100 0
-5.08604e-07 -100 0
-5.08604e-07 100 0
5.08604e-07 100 0
5.08604e-07 -100 0
-2.37166e-07 -100 0
-2.37166e-07 100 0

2.22863e-07 100 0
2.22863e-07 -100 0
-4.77931e-07 -100 0
-4.77931e-07 100 0
4.77931e-07 100 0
4.77931e-07 -100 0
-2.22863e-07 -100 0
-2.22863e-07 100 0

2.09423e-07 100 0
2.09423e-07 -100 0
-4.49108e-07 -100 0
-4.49108e-07 100 0
4.49108e-07 100 0
4.49108e-07 -100 0
-2.09423e-07 -100 0
-2.09423e-07 100 0

1.96793e-07 100 0
1.96793e-07 -100 0
-4.22024e-07 -100 0
-4.22024e-07 100 0
4.22024e-07 100 0
4.22024e-07 -100 0
-1.96793e-07 -100 0
-1.96793e-07 100 0

1.84925e-07 100 0
1.84925e-07 -100 0
-3.96573e-07 -100 0
-3.96573e-07 100 0
3.96573e-07 100 0
3.96573e-07 -100 0
-1.84925e-07 -100 0
-1.84925e-07 100 0

1.73773e-07 100 0
1.73773e-07 -100 0
-3.72657e-07 -100 0
-3.72657e-07 100 0
3.72657e-07 100 0
3.72657e-07 -100 0
-1.73773e-07 -100 0
-1.73773e-07 100 0

1.63293e-07 100 0
1.63293e-07 -100 0
-3.50183e-07 -100 0
-3.50183e-07 100 0
3.50183e-07 100 0
3.50183e-07 -100 0
-1.63293e-07 -100 0
-1.63293e-07 100 0

1.53445e-07 100 0
1.53445e-07 -100 0
-3.29064e-07 -100 0
-3.29064e-07 100 0
3.29064e-07 100 0
3.29064e-07 -100 0
-1.53445e-07 -100 0
-1.53445e-07 100 0

1.44191e-07 100 0
1.44191e-07 -100 0
-3.09219e-07 -100 0
-3.09219e-07 100 0
3.09219e-07 100 0
3.09219e-07 -100 0
-1.44191e-07 -100 0
-1.44191e-07 100 0

1.35495e-07 100 0
1.35495e-07 -100 0
-2.90571e-07 -100 0
-2.90571e-07 100 0
2.90571e-07 100 0
2.90571e-07 -100 0
-1.35495e-07 -100 0
-1.35495e-07 100 0

1.27324e-07 100 0
1.27324e-07 -100 0
-2.73047e-07 -100 0
-2.73047e-07 100 0
2.73047e-07 100 0
2.73047e-07 -100 0
-1.27324e-07 -100 0
-1.27324e-07 100 0

1.19645e-07 100 0
1.19645e-07 -100 0
-2.5658e-07 -100 0
-2.5658e-07 100 0
2.5658e-07 100 0
2.5658e-07 -100 0
-1.19645e-07 -100 0
-1.19645e-07 100 0

1.1243e-07 100 0
1.1243e-07 -100 0
-2.41107e-07 -100 0
-2.41107e-07 100 0
2.41107e-07 100 0
2.41107e-07 -100 0
-1.1243e-07 -100 0
-1.1243e-07 100 0

1.0565e-07 100 0
1.0565e-07 -100 0
-2.26566e-07 -100 0
-2.26566e-07 100 0
2.26566e-07 100 0
2.26566e-07 -100 0
-1.0565e-07 -100 0
-1.0565e-07 100 0

9.92781e-08 100 0
9.92781e-08 -100 0
-2.12903e-07 -100 0
-2.12903e-07 100 0
2.12903e-07 100 0
2.12903e-07 -100 0
-9.92781e-08 -100 0
-9.92781e-08 100 0

9.32909e-08 100 0
9.32909e-08 -100 0
-2.00063e-07 -100 0
-2.00063e-07 100 0
2.00063e-07 100 0
2.00063e-07 -100 0
-9.32909e-08 -100 0
-9.32909e-08 100 0

8.76648e-08 100 0
8.76648e-08 -100 0
-1.87998e-07 -100 0
-1.87998e-07 100 0
1.87998e-07 100 0
1.87998e-07 -100 0
-8.76648e-08 -100 0
-8.76648e-08 100 0

8.2378e-08 100 0
8.2378e-08 -100 0
-1.7666e-07 -100 0
-1.7666e-07 100 0
1.7666e-07 100 0
1.7666e-07 -100 0
-8.2378e-08 -100 0
-8.2378e-08 100 0

7.741e-08 100 0
7.741e-08 -100 0
-1.66006e-07 -100 0
-1.66006e-07 100 0
1.66006e-07 100 0
1.66006e-07 -100 0
-7.741e-08 -100 0
-7.741e-08 100 0

7.27416e-08 100 0
7.27416e-08 -100 0
-1.55995e-07 -100 0
-1.55995e-07 100 0
1.55995e-07 100 0
1.55995e-07 -100 0
-7.27416e-08 -100 0
-7.27416e-08 100 0

6.83547e-08 100 0
6.83547e-08 -100 0
-1.46587e-07 -100 0
-1.46587e-07 100 0
1.46587e-07 100 0
1.46587e-07 -100 0
-6.83547e-08 -100 0
-6.83547e-08 100 0

6.42324e-08 100 0
6.42324e-08 -100 0
-1.37747e-07 -100 0
-1.37747e-07 100 0
1.37747e-07 100 0
1.37747e-07 -100 0
-6.42324e-08 -100 0
-6.42324e-08 100 0

6.03587e-08 100 0
6.03587e-08 -100 0
-1.2944e-07 -100 0
-1.2944e-07 100 0
1.2944e-07 100 0
1.2944e-07 -100 0
-6.03587e-08 -100 0
-6.03587e-08 100 0

5.67187e-08 100 0
5.67187e-08 -100 0
-1.21634e-07 -100 0
-1.21634e-07 100 0
1.21634e-07 100 0
1.21634e-07 -100 0
-5.67187e-08 -100 0
-5.67187e-08 100 0

5.32981e-08 100 0
5.32981e-08 -100 0
-1.14298e-07 -100 0
-1.14298e-07 100 0
1.14298e-07 100 0
1.14298e-07 -100 0
-5.32981e-08 -100 0
-5.32981e-08 100 0

5.00838e-08 100 0
5.00838e-08 -100 0
-1.07405e-07 -100 0
-1.07405e-07 100 0
1.07405e-07 100 0
1.07405e-07 -100 0
-5.00838e-08 -100 0
-5.00838e-08 100 0

4.70634e-08 100 0
4.70634e-08 -100 0
-1.00928e-07 -100 0
-1.00928e-07 100 0
1.00928e-07 100 0
1.00928e-07 -100 0
-4.70634e-08 -100 0
-4.70634e-08 100 0

4.42251e-08 100 0
4.42251e-08 -100 0
-9.48411e-08 -100 0
-9.48411e-08 100 0
9.48411e-08 100 0
9.48411e-08 -100 0
-4.42251e-08 -100 0
-4.42251e-08 100 0

4.1558e-08 100 0
4.1558e-08 -100 0
-8.91215e-08 -100 0
-8.91215e-08 100 0
8.91215e-08 100 0
8.91215e-08 -100 0
-4.1558e-08 -100 0
-4.1558e-08 100 0

3.90518e-08 100 0
3.90518e-08 -100 0
-8.37468e-08 -100 0
-8.37468e-08 100 0
8.37468e-08 100 0
8.37468e-08 -100 0
-3.90518e-08 -100 0
-3.90518e-08 100 0

3.66967e-08 100 0
3.66967e-08 -100 0
-7.86963e-08 -100 0
-7.86963e-08 100 0
7.86963e-08 100 0
7.86963e-08 -100 0
-3.66967e-08 -100 0
-3.66967e-08 100 0

3.44836e-08 100 0
3.44836e-08 -100 0
-7.39503e-08 -100 0
-7.39503e-08 100 0
7.39503e-08 100 0
7.39503e-08 -100 0
-3.44836e-08 -100 0
-3.44836e-08 100 0

3.2404e-08 100 0
3.2404e-08 -100 0
-6.94906e-08 -100 0
-6.94906e-08 100 0
6.94906e-08 100 0
6.94906e-08 -100 0
-3.2404e-08 -100 0
-3.2404e-08 100 0

3.04498e-08 100 0
3.04498e-08 -100 0
-6.52998e-08 -100 0
-6.52998e-08 100 0
6.52998e-08 100 0
6.52998e-08 -100 0
-3.04498e-08 -100 0
-3.04498e-08 100 0

2.86134e-08 100 0
2.86134e-08 -100 0
-6.13617e-08 -100 0
-6.13617e-08 100 0
6.13617e-08 100 0
6.13617e-08 -100 0
-2.86134e-08 -100 0
-2.86134e-08 100 0

2.68878e-08 100 0
2.68878e-08 -100 0
-5.76611e-08 -100 0
-5.76611e-08 100 0
5.76611e-08 100 0
5.76611e-08 -100 0
-2.68878e-08 -100 0
-2.68878e-08 100 0

2.52663e-08 100 0
2.52663e-08 -100 0
-5.41837e-08 -100 0
-5.41837e-08 100 0
5.41837e-08 100 0
5.41837e-08 -100 0
-2.52663e-08 -100 0
-2.52663e-08 100 0

2.37426e-08 100 0
2.37426e-08 -100 0
-5.09161e-08 -100 0
-5.09161e-08 100 0
5.09161e-08 100 0
5.09161e-08 -100 0
-2.37426e-08 -100 0
-2.37426e-08 100 0

2.23107e-08 100 0
2.23107e-08 -100 0
-4.78455e-08 -100 0
-4.78455e-08 100 0
4.78455e-08 100 0
4.78455e-08 -100 0
-2.23107e-08 -100 0
-2.23107e-08 100 0

2.09652e-08 100 0
2.09652e-08 -100 0
-4.496e-08 -100 0
-4.496e-08 100 0
4.496e-08 100 0
4.496e-08 -100 0
-2.09652e-08 -100 0
-2.09652e-08 100 0

1.97008e-08 100 0
1.97008e-08 -100 0
-4.22486e-08 -100 0
-4.22486e-08 100 0
4.22486e-08 100 0
4.22486e-08 -100 0
-1.97008e-08 -100 0
-1.97008e-08 100 0

1.85127e-08 100 0
1.85127e-08 -100 0
-3.97007e-08 -100 0
-3.97007e-08 100 0
3.97007e-08 100 0
3.97007e-08 -100 0
-1.85127e-08 -100 0
-1.85127e-08 100 0

1.73963e-08 100 0
1.73963e-08 -100 0
-3.73064e-08 -100 0
-3.73064e-08 100 0
3.73064e-08 100 0
3.73064e-08 -100 0
-1.73963e-08 -100 0
-1.73963e-08 100 0

1.63472e-08 100 0
1.63472e-08 -100 0
-3.50566e-08 -100 0
-3.50566e-08 100 0
3.50566e-08 100 0
3.50566e-08 -100 0
-1.63472e-08 -100 0
-1.63472e-08 100 0

1.53613e-08 100 0
1.53613e-08 -100 0
-3.29424e-08 -100 0
-3.29424e-08 100 0
3.29424e-08 100 0
3.29424e-08 -100 0
-1.53613e-08 -100 0
-1.53613e-08 100 0

1.44349e-08 100 0
1.44349e-08 -100 0
-3.09558e-08 -100 0
-3.09558e-08 100 0
3.09558e-08 100 0
3.09558e-08 -100 0
-1.44349e-08 -100 0
-1.44349e-08 100 0

1.35644e-08 100 0
1.35644e-08 -100 0
-2.90889e-08 -100 0
-2.90889e-08 100 0
2.90889e-08 100 0
2.90889e-08 -100 0
-1.35644e-08 -100 0
-1.35644e-08 100 0

1.27463e-08 100 0
1.27463e-08 -100 0
-2.73346e-08 -100 0
-2.73346e-08 100 0
2.73346e-08 100 0
2.73346e-08 -100 0
-1.27463e-08 -100 0
-1.27463e-08 100 0

1.19776e-08 100 0
1.19776e-08 -100 0
-2.56861e-08 -100 0
-2.56861e-08 100 0
2.56861e-08 100 0
2.56861e-08 -100 0
-1.19776e-08 -100 0
-1.19776e-08 100 0

1.12553e-08 100 0
1.12553e-08 -100 0
-2.41371e-08 -100 0
-2.41371e-08 100 0
2.41371e-08 100 0
2.41371e-08 -100 0
-1.12553e-08 -100 0
-1.12553e-08 100 0

