0.77433107224029074089344 0.18233114256632101946032
0.43951311215735650028691 0.89687602869089511070655
0.79541420787359318200771 0.52659173148059834623780
0.42723099441604267534345 0.47132315042955946760017
0.52818926960611212173546 0.27705426992711346123599
0.45111466499563057652722 0.88417458156318151640818
0.32219233239171668481404 0.08653050758248684304341
0.31824093885637860790183 0.67545935915571608809671
0.44544933012009102490936 0.66689132836968234574471
0.44255590925112175959555 0.03716678360345158221856
0.66213202321069875022630 0.45291410221388289647493
0.12731590872971151884308 0.79847802026126446506282
0.02008653107103264626176 0.59432771084566027308682
0.86583618301238685077692 0.10872788918611030195560
0.38963355095574331299346 0.57109091317797588960303
0.32497778224059276075408 0.90158611764273888233845
0.95787922151287985261803 0.07607596697103044536270
0.60877688210866265361432 0.71305760029380094167095
0.35908813791307070406589 0.19433390497897468085498
0.16994098162741447244350 0.19807821195483124587788
0.10050832484872468386428 0.24341573251570375324704
0.08821639143313113329281 0.65289081663493575558022
0.13595518336443004892011 0.99876680597605504985381
0.27370803955649397609662 0.21102082599467636425672
0.62702249252564390413767 0.36703187849700075195969
0.70478189909122046508116 0.26937802614149547464351
0.43648536011412991664216 0.00944743818112064003001
0.78309351009460792525374 0.45262416007585087873721
0.25425839482539258629146 0.32084183037320235243328
0.38864308241225919982043 0.92428610284081014203394
0.47653044549586737188562 0.04719744904301941684777
0.24752606602736099139506 0.17059172185631082951929
0.13506923901618889116705 0.10870014508659958663017
0.92333847047916539629853 0.54967334333326356432536
0.35988140216091712986213 0.52672611853421014149745
0.68587420447071745233103 0.48775453934807078137936
0.69054282302527825176952 0.95322658585069075520835
0.87922839255967566440830 0.19159375046919741025775
0.11616413580075099498679 0.37063040322187840169832
0.18518695011045174791953 0.43707050636274297206185
0.84400043862126783444921 0.11537190764926928687739
0.05565186126886487866239 0.34083234581203775137581
0.36923606291843397153585 0.75050947011937829689288
0.81266429639079806879209 0.44882944014334558158197
0.47640048920940630816645 0.86302214249177933158563
0.81314885933564462483503 0.59287885417830143985896
0.51490217471257881953761 0.96085039431268837173405
0.01257721335281488175828 0.38522482075971775650203
0.47356250857634585305078 0.16508164264498353945854
0.52716793423852326139212 0.11147074685966165685791
0.48884247033337246968188 0.97539889299096482755402
0.52919449914674954182914 0.17194715941881164034122
0.91590835196706854581805 0.67167151052116957909988
0.78307732929618900641344 0.18067348104932973162917
0.57919599608480742958250 0.54710619735862420220940
0.21385900639642915765926 0.32832050478473329135909
0.08272391701244000139503 0.34087322807911468736108
0.05634432568044603351076 0.97908171125644893884044
0.42632108713794547583120 0.17851152745006210187384
0.24324185319395821847088 0.16582663085582974304977
